<?xml version="1.0" encoding="utf-8" ?>
<ogr:FeatureCollection
    xmlns:xsi="http://www.w3.org/2001/XMLSchema-instance"
    xsi:schemaLocation="http://ogr.maptools.org/ ab102401_EQ360.xsd"
    xmlns:ogr="http://ogr.maptools.org/"
    xmlns:gml="http://www.opengis.net/gml">
  <gml:boundedBy>
    <gml:Box>
      <gml:coord><gml:X>219.859182499</gml:X><gml:Y>11.228788492</gml:Y></gml:coord>
      <gml:coord><gml:X>229.926597233</gml:X><gml:Y>16.977520263</gml:Y></gml:coord>
    </gml:Box>
  </gml:boundedBy>

  <gml:featureMember>
   <ogr:multi_polygon fid="0">
      <ogr:ID>Projected lon domain 360</ogr:ID>
      <ogr:geometryProperty><gml:MultiPolygon><gml:polygonMember><gml:Polygon><gml:outerBoundaryIs><gml:LinearRing><gml:coordinates>219.859182499,12.241912266 220.042083751,12.410766228 220.042083751,12.579620191 220.042083751,12.748474153 220.224985002,12.917328115 220.286489556,13.142218636 220.378478538,13.241461476 220.224985002,13.423890002 220.224985002,13.592743964 220.407886254,13.761597927 220.407886254,13.930451889 220.407886254,14.099305851 220.407886254,14.268159814 220.407886254,14.437013776 220.590787505,14.437013776 220.748789508,14.628854661 220.865136001,14.859151803 221.102675575,14.977563808 221.282380224,15.149368865 221.464318948,15.319111431 221.648849258,15.486461451 221.836394033,15.651028524 222.027459229,15.812345553 222.214035938,15.998913250 222.305476427,16.167785928 222.524902014,16.197377473 222.734181038,16.341879544 222.875715633,16.634584868 223.097028972,16.563660989 223.310902386,16.675328111 223.457256681,16.742808222 223.608210898,16.970649023 223.883010032,16.893883266 224.065911284,16.936433010 224.166111306,16.953668370 224.427545094,16.977520263 224.617420547,16.975003287 224.874946972,16.943936858 224.980417541,16.921842562 225.163318793,16.870468357 225.346886973,16.802200662 225.588524735,16.686956387 225.774621639,16.578843961 225.909511447,16.490195882 226.121044551,16.334307492 226.456655710,16.306434922 226.498716958,16.007557833 226.676410305,15.833895946 227.005195470,15.799721636 227.015119683,15.471175718 227.358512501,15.365885371 227.280516355,15.161028489 227.415047154,14.996117914 227.561105864,14.811780325 227.769664958,14.774721701 227.719728857,14.605867738 227.796603993,14.504100389 227.945403669,14.303763940 228.093129673,14.100871066 228.184165913,13.974039314 228.319485084,13.783221525 228.408963482,13.655670676 228.525328255,13.488317120 228.674459740,13.271661518 228.762401069,13.143401160 228.879238681,12.970776498 229.023247612,12.757245700 229.109763423,12.628327324 229.239153791,12.434772807 229.325198678,12.305637053 229.438056173,12.135843663 229.582572672,11.917878669 229.668185113,11.788543299 229.785147840,11.612007981 229.926597233,11.397642455 229.735850081,11.228788492 229.552948829,11.228788492 229.295143879,11.259340653 229.187146326,11.426572837 229.095695700,11.228788492 228.821343823,11.228788492 228.566182670,11.264222146 228.404269846,11.519162725 228.267244421,11.732859755 228.156340551,11.904204342 228.136073246,12.010019235 227.973752425,12.134833929 227.852090975,12.360224317 227.701061204,12.569061070 227.622973104,12.701869666 227.438994167,12.823124224 227.333920853,13.063828738 227.137221657,13.237490257 227.120077341,13.398430425 226.854514429,13.529127871 226.762160270,13.655351273 226.776839038,13.900363945 226.531779201,13.924360673 226.420495386,14.099305851 226.453143626,14.268159814 226.363226791,14.362788000 226.187132937,14.469985329 226.077825051,14.573921684 225.894381149,14.605867738 225.921500985,14.774721701 225.814922074,14.795860892 225.614485058,14.763482947 225.529121296,14.997344446 225.346220044,14.936123184 225.161388126,15.027111451 225.163318793,15.151434307 224.980417541,15.090745096 224.730704926,15.166016567 224.760138528,15.381123444 224.614615038,15.344582456 224.431713787,15.323028520 224.248812535,15.321265831 224.065911284,15.340496084 223.925135845,15.372356667 223.889639738,15.193796343 223.700108781,15.099585860 223.517207529,15.151276691 223.384178342,15.020346103 223.151405026,15.012163072 223.027816138,15.002915584 222.880280859,14.856168868 222.633651901,14.746148160 222.648426585,14.500334012 222.419800020,14.419735637 222.236898769,14.440878370 222.138003367,14.359459793 222.018140875,14.200284212 221.903614891,14.099305851 221.878833349,13.923309033 221.688195014,13.902258084 221.577302895,13.797494600 221.403795023,13.686447339 221.298118780,13.519521706 221.233983932,13.423890002 221.175710362,13.221598659 220.983819244,13.204760120 220.843736461,13.021514218 220.626249831,12.884589388 220.486443538,12.675950271 220.345751778,12.579620191 220.410577333,12.410766228 220.224985002,12.388008309 220.119440219,12.267935646 219.859182499,12.241912266 </gml:coordinates></gml:LinearRing></gml:outerBoundaryIs></gml:Polygon></gml:polygonMember></gml:MultiPolygon></ogr:geometryProperty>
    </ogr:multi_polygon>
  </gml:featureMember>
</ogr:FeatureCollection>
