<?xml version="1.0" encoding="utf-8" ?>
<ogr:FeatureCollection
    xmlns:xsi="http://www.w3.org/2001/XMLSchema-instance"
    xsi:schemaLocation="http://ogr.maptools.org/ ab102401_EQ180.xsd"
    xmlns:ogr="http://ogr.maptools.org/"
    xmlns:gml="http://www.opengis.net/gml">
  <gml:boundedBy>
    <gml:Box>
      <gml:coord><gml:X>-140.140817500</gml:X><gml:Y>11.228788492</gml:Y></gml:coord>
      <gml:coord><gml:X>-130.073402766</gml:X><gml:Y>16.977520263</gml:Y></gml:coord>
    </gml:Box>
  </gml:boundedBy>

  <gml:featureMember>
   <ogr:multi_polygon fid="0">
      <ogr:ID>Projected lon domain 180</ogr:ID>
      <ogr:geometryProperty><gml:MultiPolygon><gml:polygonMember><gml:Polygon><gml:outerBoundaryIs><gml:LinearRing><gml:coordinates>-140.140817500,12.241912266 -139.957916248,12.410766228 -139.957916248,12.410766228 -139.957916248,12.579620191 -139.957916248,12.748474153 -139.775014997,12.917328115 -139.713510443,13.142218636 -139.621521461,13.241461476 -139.775014997,13.423890002 -139.775014997,13.592743964 -139.592113745,13.761597927 -139.592113745,13.930451889 -139.592113745,14.099305851 -139.592113745,14.268159814 -139.592113745,14.437013776 -139.409212494,14.437013776 -139.251210491,14.628854661 -139.134863998,14.859151804 -138.897324424,14.977563808 -138.717619775,15.149368865 -138.535681051,15.319111431 -138.351150741,15.486461451 -138.163605966,15.651028524 -137.972540770,15.812345553 -137.785964061,15.998913250 -137.694523572,16.167785928 -137.475097985,16.197377473 -137.265818961,16.341879544 -137.124283749,16.634583729 -136.902971027,16.563660989 -136.689097613,16.675328111 -136.542743318,16.742808222 -136.391789101,16.970649023 -136.116989967,16.893883266 -135.934088715,16.936433010 -135.833888693,16.953668370 -135.572454905,16.977520263 -135.382579452,16.975003287 -135.125053027,16.943936858 -135.019582458,16.921842562 -134.836681206,16.870468357 -134.653113026,16.802200662 -134.411475264,16.686956387 -134.225378360,16.578843961 -134.090488552,16.490195882 -133.878955448,16.334307492 -133.543344288,16.306434922 -133.501283041,16.007557833 -133.323589694,15.833895946 -132.994804529,15.799721636 -132.984880316,15.471175718 -132.641487497,15.365885372 -132.719483644,15.161028489 -132.584952845,14.996117914 -132.438894135,14.811780325 -132.230335043,14.774721701 -132.280271142,14.605867738 -132.203396006,14.504100389 -132.054596330,14.303763940 -131.906870326,14.100871066 -131.815834086,13.974039314 -131.680514915,13.783221525 -131.591036517,13.655670676 -131.474671744,13.488317120 -131.325540259,13.271661518 -131.237598930,13.143401160 -131.120761318,12.970776498 -130.976752387,12.757245700 -130.890236576,12.628327324 -130.760846208,12.434772807 -130.674801321,12.305637053 -130.561943826,12.135843663 -130.417427327,11.917878669 -130.331814886,11.788543299 -130.214852159,11.612007981 -130.073402766,11.397642455 -130.264149918,11.228788492 -130.447051170,11.228788492 -130.704856120,11.259340653 -130.812853673,11.426572837 -130.904304299,11.228788492 -131.178656176,11.228788492 -131.433817352,11.264222104 -131.595730153,11.519162725 -131.732755578,11.732859755 -131.843659448,11.904204342 -131.863926753,12.010019235 -132.026247574,12.134833929 -132.147909026,12.360224316 -132.298938795,12.569061070 -132.377026895,12.701869666 -132.561005832,12.823124224 -132.666079145,13.063828738 -132.862778342,13.237490257 -132.879922658,13.398430425 -133.145485570,13.529127871 -133.237839729,13.655351273 -133.223160961,13.900363945 -133.468220798,13.924360673 -133.579504613,14.099305851 -133.546856373,14.268159814 -133.636773208,14.362788000 -133.812867061,14.469985331 -133.922174948,14.573921684 -134.105618850,14.605867738 -134.078499014,14.774721701 -134.185077925,14.795860892 -134.385514941,14.763482947 -134.470878703,14.997344123 -134.653779955,14.936123184 -134.838611873,15.027111451 -134.836681206,15.151434306 -135.019582458,15.090745096 -135.269295073,15.166016567 -135.239861471,15.381123444 -135.385384961,15.344582456 -135.568286212,15.323028520 -135.751187464,15.321265831 -135.934088715,15.340496084 -136.074864154,15.372356667 -136.110360282,15.193796353 -136.299891218,15.099585860 -136.482792470,15.151276691 -136.615821683,15.020346152 -136.848594973,15.012163072 -136.972183861,15.002915584 -137.119719140,14.856168868 -137.366348098,14.746148160 -137.351573414,14.500334012 -137.580199979,14.419735637 -137.763101230,14.440878370 -137.861996142,14.359459340 -137.981859124,14.200284212 -138.096385108,14.099305851 -138.121166650,13.923309033 -138.311804985,13.902258084 -138.422697104,13.797494600 -138.596204976,13.686447338 -138.701881219,13.519521707 -138.766016066,13.423890002 -138.824289637,13.221598659 -139.016180755,13.204760120 -139.156263538,13.021514218 -139.373750168,12.884589388 -139.513556461,12.675950271 -139.654248221,12.579620191 -139.589422666,12.410766228 -139.775014997,12.388008309 -139.880559780,12.267935646 -140.140817500,12.241912266 </gml:coordinates></gml:LinearRing></gml:outerBoundaryIs></gml:Polygon></gml:polygonMember></gml:MultiPolygon></ogr:geometryProperty>
    </ogr:multi_polygon>
  </gml:featureMember>
</ogr:FeatureCollection>
